30824
30551
35047
35048
35628
34318
36735
73365
76427
70697
44045
43485
41485
39038
37101
36683
34468
35262
37770
39450
40631
41247
41860
41858
40846
40289
40857
38573
38722
41410
42088
42566
46887
30221
36103
38625
38457
38222
38431
40196
41702
30323
30615
34293
38296
33066
33619
34262
44580
49716
39073
30134
30681
32948
66224
59613
44382
39007
37743
40296
36169
38076
38514
39188
38044
42402
38186
37611
38838
39388
38097
38295
41170
37778
42202
35717
40891
40801
37953
41882
35134
37860
38030
39592
39135
38856
38851
40064
37661
38877
40315
40885
38510
40361
40688
40122
37109
37524
38679
38895
37888
38046
41877
39100
42554
37692
38587
37866
38533
40159
42773
40036
37169
38900
36256
40753
39206
38158
38999
38301
42600
27253
28980
31537
37562
38659
35283
32376
32548
36501
56313
42085
41919
40150
45590
41019
52596
46440
39540
38553
37435
36992
32778
30021
31885
38487
47588
42066
35175
33883
36524
59447
43862
42011
41459
47884
29200
34983
32120
39954
33545
36750
40873
38751
38120
38798
38364
40035
37733
30482
35663
35411
35276
39315
39090
35557
38283
36792
36208
39795
51493
44231
47605
43052
42773
40042
41229
43219
49888
39540
43626
42324
34054
38393
35715
40007
39934
37723
37912
36918
38402
38676
39048
39964
39528
38717
39637
39921
46253
37477
38213
37624
41076
39742
42646
42783
36497
28627
31316
34104
35852
32034
33275
34045
40262
41955
36461
35249
46457
35913
38006
45279
41252
42510
47177
41444
40510
43371
43176
41705
39783
38776
38131
38375
45401
36497
36890
36345
32623
35901
47895
36741
35514
35464
40936
40379
34033
36406
37548
39535
42006
43228
48773
41692
40839
38598
41558
40450
40750
37709
40327
41160
36462
43365
37851
37214
39649
38039
37335
38449
39166
41662
38528
42361
36088
38458
38303
39078
39135
39225
38609
40993
37806
39223
39250
36193
36679
40611
40393
43833
42945
45501
39184
38816
39525
39884
44967
29790
39813
35044
35688
37533
38990
38459
38885
39385
42571
39672
36730
40671
48359
37643
35335
38681
38662
36934
39829
36168
36963
40460
44369
36626
38208
39295
29118
38981
41803
43994
40445
39039
47220
36670
24820
33426
42485
44726
42933
45055
29970
30521
31767
35038
31354
39166
38894
42444
34820
37610
42913
42302
44576
52019
40826
38887
41668
32615
34192
38105
39091
48283
42222
38288
37057
38265
37279
39399
38930
41296
38897
34781
46900
39353
35800
34174
40383
35635
30133
44492
32367
31425
33946
38514
37208
76456
37223
34180
32367
35830
39738
40425
56520
30028
32822
25193
26185
39189
41755
29926
50849
45734
42468
55356
41001
39576
45208
43277
40765
52154
31895
35231
44481
40095
37481
37675
32164
38329
42494
34964
35345
40757
41267
34822
37656
46239
35055
39094
35127
31484
32132
34857
37692
36149
43701
36091
46537
45234
40049
39403
39121
43865
31170
33534
36065
40348
39927
42293
68897
50330
46946
32658
35501
39922
28816
35494
31211
32668
34466
48570
56237
44704
45549
38644
40409
38214
30613
30570
32315
34956
30917
41891
36116
35870
39819
42101
37570
39771
40096
45407
46566
42649
39893
47842
52743
36396
38700
40867
32523
35824
29668
33411
34814
43863
37296
43028
41111
36020
33382
39609
39579
38412
45050
37143
33286
38820
39617
38051
44341
42236
43003
46334
26682
28598
51565
51488
42518
39745
39088
34786
40400
41511
39623
38610
30630
28024
41490
44181
37609
49434
37769
40076
41835
46942
35233
33776
35668
37150
40082
41068
39174
48389
40115
37582
34091
32672
33437
38221
36799
40033
42518
43062
51060
32047
31653
32210
42249
39661
41653
39912
43670
37989
36239
37809
27441
28994
29826
30391
33690
37844
56738
42284
41825
45379
47976
42598
48113
42856
42744
42030
40866
41347
41825
36567
41363
38633
29623
36133
33004
32808
33229
49147
33625
39218
53151
37106
41955
34207
34293
22581
10645
58453
56575
57474
49409
41858
39301
39148
36416
38861
42010
38849
33262
36351
38153
39526
39799
35415
34140
39931
41107
40706
41175
40507
39397
49635
36433
36403
35340
35103
27014
34923
34997
33037
29763
49060
44651
44739
41070
40487
29270
53623
36215
34753
39983
42092
37184
36078
48609
35615
40027
39278
37143
39003
42319
41576
37615
34806
35676
36819
41100
39803
41860
48958
37140
39483
41900
38939
42495
44170
30238
34362
32029
32891
52303
35616
36025
40650
39681
39276
54552
45783
45182
41579
37305
38392
35230
36940
37743
35714
35053
34668
37348
41680
33473
34318
36593
40779
41022
40102
40094
40619
39023
43664
36271
37571
43491
37963
36218
39727
38160
46973
42762
39360
40508
41835
39082
34818
34261
36415
38426
39753
37754
38689
36078
35333
40710
41231
44401
43933
44997
41873
39831
38708
37801
36968
38002
37795
38836
41435
39914
40190
41248
48291
40593
37242
40507
32845
33290
33781
33952
54951
43753
42209
39512
37282
40266
42180
31790
39711
36485
39944
38178
43629
33580
33121
31299
33338
35461
41185
39521
44654
46310
39067
39034
39947
41173
41479
41843
41360
38324
40490
48143
33747
34647
52132
43759
37733
35031
39179
25936
29329
31181
35008
41991
43168
40877
40702
57347
49224
31617
27973
28665
30888
36747
39834
34676
34599
46176
45706
43753
50193
50909
41580
37160
44841
37254
28958
28186
27939
32337
49441
49030
37165
34796
41688
45339
43528
42095
39931
36744
36235
34914
36583
42196
42208
40206
38803
40544
39908
45758
39009
31428
26536
43960
34832
34210
37468
38118
41243
27895
27234
28805
51516
60591
48016
31700
32822
34109
38080
27418
45235
58226
44080
39634
40967
34553
39135
35141
28042
26109
36910
62759
51089
31439
31210
36117
36012
32833
27452
34480
44420
25851
28747
35414
102160
49531
36404
29065
45491
45228
28098
36711
37212
42085
43527
41720
40982
41602
41128
39997
40901
40356
40244
46099
34419
39022
33534
36386
35172
35019
36449
37393
43062
47996
37888
37743
41013
31721
32490
32795
32739
34327
10640
50123
63695
52550
46764
45397
42884
40805
42803
39536
42176
33682
36296
36333
36403
38119
37375
38065
39053
39184
40633
22495
25289
58895
50478
49996
42615
39366
38361
38224
39212
44609
39586
34612
37717
37685
38933
40923
38991
26444
28136
38462
25699
27895
26770
47971
44277
45166
47109
48056
67093
46579
42709
36844
37258
31856
28334
27002
35550
37209
37527
37820
38485
38973
37518
58241
33501
29694
33350
43583
38155
38973
40962
38442
35562
38344
41913
42547
41773
41857
42275
39765
39758
40623
40231
38655
38786
39023
38655
38018
38373
39341
40592
42425
38403
39182
39179
37464
37203
38415
37200
38140
36413
38931
38803
38823
38250
38903
45816
36410
37258
43797
38462
34112
37387
41801
41241
41732
38848
37192
36266
37395
38170
39131
44003
45612
37424
37452
39391
39355
38053
35041
36279
37530
39086
39304
39212
39962
40282
39067
38811
40055
40379
42646
42712
40280
40131
40371
40526
41491
40528
39961
41288
39986
41549
41459
43903
41107
38915
37721
39312
38571
38827
39225
38548
40764
39391
40191
37601
38054
38300
40436
39657
39167
39240
39203
39330
38446
40781
38542
38696
39953
37388
39081
37318
37964
35684
36038
36624
36086
37851
36337
38494
39185
40251
39911
41053
39084
38460
39153
40015
37912
37269
37534
35733
34779
35329
34666
35790
35663
34914
35015
32221
31198
32571
34808
37006
32776
33198
35201
39786
41520
45829
47709
50830
49331
46159
49251
50014
47532
45427
40077
42371
40287
40756
39194
38973
39538
39977
40356
40937
41673
41587
40669
40225
38038
40051
39825
39331
38143
38845
39009
38461
40692
39577
38470
38101
38791
39232
39942
39593
40059
39072
38665
38848
39324
40206
39455
39011
38500
38672
38718
39618
39851
38410
37752
39266
38279
36730
36343
34454
33533
31613
29456
28743
27955
30820
29572
22807
18906
28913
26288
29170
28131
30404
30668
35715
31772
31789
30123
31414
29393
31992
29338
45463
17212
44980
50538
59672
68547
57304
45520
41010
39119
38256
33183
34432
35439
36439
39736
40771
50776
44962
39222
39219
37200
40683
37522
39549
39674
39198
38002
38964
42167
36926
37576
38642
29984
37980
