46040
47898
51275
48272
51680
47915
53881
119490
133080
115347
71496
71596
66593
62128
58600
56774
54568
63334
63164
64201
64270
64799
66050
67170
67872
69245
67543
66118
66286
66140
61964
70851
71123
59624
61084
60247
65244
65455
61752
64520
67046
48720
49642
55638
62629
53048
54618
55002
73045
82369
63779
47126
47784
51975
116382
99409
71633
64021
60078
65548
59771
64334
62543
62231
63987
65004
66296
61516
64334
64077
65034
64007
61699
64350
65999
62979
62989
64629
65007
68186
59471
63058
63382
63003
65228
63633
63215
64485
67223
63297
65157
65027
63710
67243
62457
70419
58049
64170
61116
63618
63035
63015
70021
67218
69899
59185
62236
62334
60566
64086
71835
65970
63475
68330
61772
73656
57937
59355
60808
61929
69234
42070
44827
49677
59265
62620
56626
52276
52661
58654
95484
70394
69342
65527
75381
66142
88821
75792
68560
65500
61803
60222
52613
50227
52105
62604
75310
72312
57591
57047
61571
94364
73179
70593
68242
67855
46964
57643
51563
66088
61671
64015
65511
62854
63128
63086
64226
65449
60712
50336
57897
57022
56426
63130
62646
57345
59540
58289
57586
63052
82102
71639
78658
71596
69164
64078
71470
73146
90836
65166
65120
69832
59723
62331
59821
65316
67692
59666
61350
62428
64492
64750
64498
66046
66113
62232
66420
65137
77212
63098
66009
59078
62404
66523
71413
60473
64352
45975
50237
55252
58390
52147
53973
55865
66179
69151
59977
57871
76066
58889
62092
75154
67481
69219
81304
70832
68942
72389
69499
65484
63497
62103
62988
63678
78980
52804
58374
57090
51622
57257
77821
60952
59220
58570
68515
69122
56107
60254
61553
65067
70194
70463
78873
68737
67309
62177
65932
62893
70518
63076
62428
67163
60411
67668
63701
64797
68330
61523
62178
63085
63392
67512
67187
63157
62232
62626
63147
63983
63930
63817
64581
66370
64288
63969
62730
59267
56020
69045
66672
71441
68531
78510
66414
61457
61820
71247
63701
51638
65340
54933
59920
62894
64038
63908
63482
65454
63463
62283
63688
70659
85946
60544
64693
61853
59446
58066
65407
57793
59686
68009
68426
59457
62147
64810
46696
65433
68488
74110
64480
63543
76958
58721
40409
54753
70183
73561
71396
74367
49147
49799
51707
57448
49934
63964
62931
69846
58439
62924
70738
70029
72831
85033
67158
63290
69402
55959
55699
63925
64598
77066
68713
62673
60420
61441
59817
64074
63738
68372
64367
66161
74401
56455
57437
55821
66942
58080
48867
73157
53516
51758
55741
62886
60149
126786
60466
55817
52396
59101
65317
66762
92751
50372
52187
40485
41958
63404
66352
47937
83942
76747
71068
91369
66759
64777
74095
71724
68016
77497
52243
59064
75819
68049
61702
64105
50859
61071
68499
57718
59953
66375
69341
55939
63292
78731
53704
63109
55962
50904
51586
56739
61646
57807
70661
58920
77175
75663
65714
64655
63877
70967
51077
55519
59136
66486
66185
70288
119306
80554
71850
56668
59079
65492
46302
57585
53065
54034
55619
78871
95223
74819
72391
61399
60089
68981
49950
49082
52354
55952
49187
67726
57531
58047
64115
67244
60015
64417
64925
73822
74053
70059
69120
82925
83992
67668
62637
74267
51094
56878
47982
53600
54987
73191
58811
69965
71408
59002
53438
64267
60458
61773
71971
63512
56242
64965
66103
62495
75274
71081
71939
76133
43137
46181
83256
85508
69818
66493
62138
59786
65045
68916
61919
62839
48819
44192
66436
70656
61108
81534
60178
60593
72082
81629
61464
56275
58978
60606
65713
66851
63552
79736
67549
61520
57394
54770
53736
58921
60224
65384
70122
70724
75480
52135
51637
53605
70699
67739
71002
66956
76085
62620
61917
63431
44621
46085
49664
50986
57195
64739
92980
70609
70159
72129
74828
70566
74971
66301
69893
66983
63168
67553
72652
58136
65528
62468
47405
57014
53360
52800
53794
79532
56125
61144
85167
64294
67617
55278
56015
35822
14350
98600
98536
92605
84658
68912
65785
62017
61680
63406
69326
63832
55963
58750
62759
64499
65770
61318
56047
64472
67441
66725
66303
65309
63922
80682
58779
58784
56813
56727
44384
58585
59077
54613
48746
79184
71054
72513
66371
64611
48330
90958
62252
57243
64669
65884
61202
56247
84969
60568
65517
64280
60261
64231
69287
69582
61262
55896
55890
59601
65760
62681
66750
83946
61913
65004
68004
62957
69440
72280
50053
55788
52427
53485
85722
58794
57975
63082
62913
62806
101617
79979
74267
63695
61865
61595
59169
60140
61906
58062
57540
57016
61587
68593
53955
55450
60498
66317
67655
65773
66393
67148
64280
71945
61829
61218
69341
61302
58716
65108
63043
75166
64409
65508
68028
70226
64104
56938
57754
60203
62342
65342
62073
62739
58955
58503
66624
67752
72393
72078
73747
68597
65377
62769
61156
60493
61433
61223
61932
66432
66715
67197
69033
83323
63700
61627
62797
53901
52421
53234
54530
89775
72169
70299
72439
59665
64814
70285
55266
61150
62932
60244
64817
75731
53417
55598
51791
54604
57253
66984
64463
72910
75035
64448
64281
65732
66320
68129
67577
65522
63479
77585
64388
53616
55924
93318
71312
61954
62350
62057
41432
47506
51542
54178
66645
68236
64476
64522
99052
86267
52697
45308
46754
51050
59267
63717
57856
55139
75468
76898
79050
84220
77465
73396
59025
65806
62762
46010
45341
44755
52261
81169
82608
61872
58951
66562
67047
69494
68557
65415
66903
59733
55164
58775
72282
74607
64956
62104
66665
65042
76070
64038
50703
43199
74351
57140
57837
62640
62872
66460
43942
44297
47435
88703
100955
76442
48893
50538
53717
61192
44550
73444
99230
71554
66078
67725
56710
65002
54890
45395
42924
58864
101192
79536
50708
49939
57546
57196
51473
42450
53080
67542
41245
45629
58402
180692
84208
76052
47991
71704
75372
45642
53543
60767
66434
69088
69225
67360
65601
68489
69098
70492
67800
68249
76603
54411
62961
54494
55699
55475
55219
59421
65282
74111
80743
61112
59759
67698
52871
53300
53776
54742
56191
15062
93098
111088
84616
72686
66737
64418
62657
61698
60877
65507
57642
61292
62399
62659
62540
62986
64222
62264
62250
66857
36963
41872
101547
82444
82811
73908
65615
64126
62754
63803
74087
64993
56499
61810
63029
62109
64424
66929
44323
47717
61705
39497
42602
41473
77570
76474
77271
78196
78010
106250
74371
66020
70209
58704
51756
44668
42260
60453
66507
64419
62442
63192
64196
61331
91455
54082
52583
58252
71517
61654
63583
64764
61501
59229
63331
67877
68280
68360
67522
68777
64805
65643
66349
66672
65183
62987
63719
63224
63930
62832
64243
66130
67824
62810
64935
62989
61211
60567
62893
61200
62292
60581
63474
64220
63747
62179
64133
71739
60182
61699
69810
62585
58424
62393
67820
66629
66472
64701
61041
59928
61231
63225
63795
71296
73380
62153
60645
63672
62752
63407
57665
59638
61740
63655
64227
65768
65627
65221
63538
63622
65667
65765
72222
71901
68191
65759
65408
65379
67590
64476
66118
66823
64144
66711
64492
68195
66077
65423
64284
65470
63968
64974
65554
64126
65698
65672
64493
63640
64355
63102
65911
63570
64480
63461
65296
64409
64479
64221
64394
63459
64778
64068
62744
59985
61120
58970
59292
60074
60883
62168
60950
62878
63297
64757
63654
63800
62906
62734
63612
64094
60020
59300
62511
59440
58438
58085
57668
54069
53834
52281
53316
48374
46977
48737
52404
61164
56245
58096
61213
65051
63537
69680
68361
76338
71249
67028
72404
78559
84279
96321
88798
83941
75779
67801
64316
65707
65508
63974
65826
67299
67308
67367
66935
65916
64081
65667
64301
62792
64032
62983
64847
63931
64205
64830
63151
64250
63713
63370
66263
65257
63635
64036
63174
65161
64217
63932
64088
64451
64235
64706
62862
63323
64841
63031
61228
62797
60701
60329
57226
54690
53443
50600
47470
46428
44291
47693
44127
31814
40823
39219
38958
43340
39988
43003
42692
52843
45469
44478
42339
46062
40806
45481
42006
64995
24958
65666
77117
91456
107549
99796
83955
72678
66631
62985
52844
54896
56923
59221
63170
66677
84413
75496
66696
65317
61860
66299
61830
64160
64853
63484
62929
62602
69430
61514
60974
62587
46355
53292
