13387
10970
13470
13757
14306
13680
15003
22569
22322
25941
16589
16791
15546
14847
14177
13528
12755
12790
14223
14101
14198
14185
14298
14144
14363
14138
14331
14458
15008
15450
15163
14908
16305
13214
14479
13932
14136
14213
14503
13803
14337
11891
12324
13384
14434
12549
13151
13800
16349
15725
13198
12501
12315
13082
21984
17456
13930
14147
13353
14266
13464
14301
14091
14310
14114
14329
14149
14221
14337
14600
13981
13592
13922
13916
14212
14267
14127
14209
14288
15554
13543
14248
13591
13868
13914
13902
14019
14766
13733
14388
14492
13814
13736
14293
14889
13927
13533
13813
14572
14010
14396
13737
15761
14320
14657
12856
13842
14244
13984
14457
14094
14852
13419
15644
13764
14824
13454
13484
13906
14214
14806
10627
11792
12852
14477
14448
13418
12502
12937
14069
19015
15139
15615
14707
15141
14551
18227
13862
12777
13355
13422
13795
11997
11152
12342
14057
17181
13979
12048
11458
12510
20044
14980
15334
15083
17995
12245
13849
12746
13067
11500
12938
14590
15299
14539
13631
13759
13989
14648
11792
13252
12618
12429
14585
14016
12731
14740
14023
14036
15273
18837
15725
17109
15330
15583
15000
13776
15243
15370
13638
15187
15884
12549
14100
12509
13909
14820
13054
13564
13998
14482
14082
14300
14772
13953
13855
14208
14303
16476
15520
12693
13383
15155
14086
15337
13879
14922
11309
11634
12331
12792
11682
12085
12515
14573
15151
13235
13028
16591
12883
13745
16478
15364
15338
15871
13862
13534
14239
15167
16353
15379
14053
13299
13479
20200
12132
13438
13415
11835
13406
17108
13194
12488
12565
14424
14261
11844
12965
13528
14504
14962
15756
17632
15760
15236
13869
14630
14126
15388
14188
13294
15144
13062
14111
14238
14646
14564
13701
13823
13827
14390
14953
14114
15562
12873
13787
13862
14096
14221
14253
14186
14791
13764
14394
14013
12572
12459
14543
14615
15430
15231
15608
13876
13811
14531
15849
18361
11112
13508
13003
12911
13682
14024
13744
13821
14795
14319
15367
13126
14998
15123
14421
13579
14872
14717
12858
14527
12628
13951
15665
16683
11809
13482
13691
11013
14068
14326
15654
14678
14123
14810
14213
9902
12658
15518
16287
15239
16227
11770
11651
11673
12500
11874
13983
14287
15104
12926
13700
15525
15049
16035
17218
14346
14111
14308
12268
12655
13868
14226
17132
15296
13653
13663
14197
13456
14008
14120
14802
14154
12803
17438
14415
12704
12504
14619
13127
11213
15950
11707
11264
12195
13539
13429
27438
13868
12415
11901
12856
15100
14647
20310
10305
11912
9418
9415
14212
15535
10828
18082
15893
14632
20103
14040
13862
16207
15424
14731
18927
11874
12899
16490
14763
13768
14810
11805
13800
14215
12617
13326
14765
15122
12308
13098
16218
14963
12410
13155
11911
12243
12966
13802
13357
15134
12608
16725
15988
13999
13940
14447
16094
12195
12174
13122
14416
14429
15241
23429
16912
17517
12178
13028
14912
10705
13051
11502
11794
12713
17797
16509
14950
16301
15488
14599
15587
12088
11972
12381
13615
12149
15626
13539
13725
14760
15483
13846
14108
14169
14902
15067
14508
13943
17027
18932
11699
13246
17103
11342
12975
10815
12160
13876
14804
13325
15631
14942
13018
12098
14256
14548
14158
16500
13421
12606
14016
14276
13655
14666
13920
14359
17390
10294
10923
18089
18130
15637
14810
14211
12507
13796
14822
15009
14715
11609
10574
14321
15477
13280
17086
14179
14077
14664
18014
14163
12702
13121
13436
14064
14657
14182
16737
14152
13085
11913
12107
14099
13650
13095
13593
15075
15635
16677
13382
12779
12652
14838
13069
14318
13983
15429
14575
13773
14680
10525
11207
10860
11244
12600
13809
18726
14215
14327
15483
17269
15769
17786
15988
14740
14734
14456
15083
15715
13453
16238
13706
11547
14080
12439
11704
12337
17254
12629
13994
19404
13145
14600
12187
12073
9802
5585
20213
18916
18744
17615
14230
14578
14133
13638
13843
15218
14433
12219
13332
14054
14399
14455
12485
12555
13584
14801
15167
15190
14885
14168
17492
13456
13214
12885
13305
10776
13513
13055
12389
11227
16577
15246
15438
14610
14261
11070
19787
13054
12732
14807
15286
14209
13503
16312
12247
14336
13429
12664
13663
15559
15048
15225
12615
13522
13288
14780
13892
14629
17909
12890
14074
14397
13746
14945
16857
11234
13040
11945
12158
18987
13166
13119
14611
14946
15070
17523
14531
15038
14610
15292
14840
13185
13608
13775
12859
12498
13097
13374
15594
12047
12417
13177
14424
14369
14340
14581
14629
14199
15733
13487
13181
15573
14186
13093
13707
13843
17388
15408
13496
15462
15674
14228
12671
12324
13439
13801
14140
13696
13755
13476
13318
15352
14793
15878
15365
15854
14947
14447
14147
13707
13572
14076
13480
14231
14368
14741
15252
16801
16054
13715
12535
14533
12730
12856
12900
13246
19780
14037
14780
13560
12975
15959
14373
11088
14264
13598
13740
14535
15611
12063
12827
12522
12954
12991
14183
14196
15689
16411
14430
13984
14707
14538
14863
14637
14854
13824
15550
14986
12408
12946
17401
15369
14612
14993
13606
10467
10922
11806
14031
16200
16146
14831
14466
17794
15406
11727
10785
11033
11662
13854
15218
13031
12361
15830
16781
16426
15342
18063
14053
13574
15257
14784
11670
10912
10534
12022
17535
15915
13431
13019
15328
14718
14791
14619
14435
13952
13960
14396
13551
15269
14236
16685
13591
14024
14213
15813
13516
12119
10142
15071
11779
11777
13193
14038
15958
11725
11223
11369
16857
19515
17857
12174
11746
12687
14601
10870
17898
18714
15042
14189
13739
13251
13392
14630
11652
10578
14146
21403
17797
11494
11636
13061
13003
12520
11166
13685
18278
10204
11030
13365
30563
14911
11951
11406
15651
15436
10820
13682
13977
15663
15688
14878
15139
15278
14141
14280
14648
14730
14609
16280
12674
14215
12077
13296
13791
13700
14308
13419
14432
16052
13630
13461
15178
11801
12146
12322
12149
12628
5222
14903
16926
18025
17504
16121
15343
14910
14985
14438
15608
13237
13658
14185
14329
14135
13962
14555
14481
14403
15928
8826
9783
20672
17700
17144
14906
13799
13903
13912
14525
14641
15407
13269
13980
13668
13450
15360
13730
9448
9804
14409
10552
11332
10865
18147
15587
16226
16442
17068
22823
15289
13670
14411
13197
13169
10989
11093
12136
13150
14086
14445
14880
14260
14140
18084
11081
10378
11223
16068
13546
13599
15021
13768
12789
13560
15771
15847
14817
14970
14970
14269
14696
14950
15194
13987
13896
14166
13594
14076
13801
13842
14934
15700
13967
14819
13938
13327
13105
13944
13394
14234
12946
14103
14297
14117
13980
14403
16829
13018
13465
15703
13676
12104
13364
15484
15021
15063
13895
12893
12910
13195
13697
14345
16284
17129
14035
13628
13984
14290
13520
12207
12788
13309
14141
14419
14605
14671
14813
14532
14327
14739
15442
16323
15065
13935
13726
14282
13911
14864
14178
14527
14203
13862
14454
14078
14188
14105
13401
14263
14091
14101
14210
13895
14471
13846
14123
14551
13076
14487
13378
14845
13912
14455
14390
14202
14134
14490
13740
14084
13617
14065
15881
14536
12884
13886
14581
14611
14276
13277
13536
12713
13312
14019
14471
14086
12826
13345
13620
13995
13840
12807
12950
14405
13607
13231
13422
12662
13075
13765
12666
12861
11313
10597
11107
12918
14309
13698
14325
15297
16555
17264
18713
20501
20404
17299
14532
15534
14631
15384
14029
13199
15041
13786
14131
13783
13877
14053
12902
13618
14348
14086
14423
13914
14058
14239
14976
14534
14315
14257
14131
14213
14837
14481
13834
13389
14416
14190
14667
14634
13175
13690
14353
13543
15235
14575
13858
14750
13952
13659
13360
14676
14314
13655
13756
12968
13453
14047
13351
13522
13547
12850
12229
11610
11888
11594
12515
12295
10115
8106
11237
12239
12595
12035
12769
12828
14037
13329
13003
13122
12814
13109
13164
12973
19052
8382
16750
17450
20083
23202
20803
17334
15311
14349
14195
12559
12936
13168
13610
14297
14987
17905
15309
14407
13580
13602
14169
13672
13875
14288
14360
14239
14158
14560
13687
13722
14222
12546
14704
