100300
100103
95827
91559
102097
93300
107765
292903
305992
352719
170146
164044
155676
150875
139378
136764
131487
154298
156140
157959
159875
159608
160877
162076
166080
177001
164188
161034
162259
160117
162689
159867
194164
130405
143640
151297
155034
160232
158907
159493
168687
116572
118220
135144
152431
126234
128629
127836
184883
212160
156344
106184
108985
116937
284010
259152
188137
166559
151201
154162
152223
155802
153843
158838
157633
157492
154369
160002
157392
159806
152323
160368
159339
157060
160401
155617
156410
159375
157228
178559
135285
149570
155071
161413
162743
157895
157748
159201
159340
157663
157284
158953
157337
161778
164517
164901
149441
156708
155542
162623
154782
154015
162554
164020
179674
149726
155785
154174
144204
148490
165716
182467
152929
165992
152889
170115
151574
152069
152429
152200
169526
100233
105793
112280
147125
158859
143362
130615
129330
149703
244154
176383
169314
155460
184334
155634
216433
184308
172729
164224
154098
147518
125035
128159
132661
157401
179434
173791
137371
143012
152083
237735
178704
174190
166818
173177
115199
134379
125314
163357
156548
158347
160315
152287
159120
154531
160167
160828
147071
122036
142946
140165
137570
155398
149994
139918
136943
132086
129895
140427
193977
166753
195257
179893
168638
150659
175803
184524
241967
182572
184365
176137
143518
154505
147974
159644
163260
148302
153889
155836
160884
160439
160526
160772
158054
160582
158527
164133
193535
159552
159205
145501
154672
165217
162583
150988
160879
109220
119652
128398
141507
125483
132885
133619
166009
171783
147404
137762
193245
144962
150760
186157
169957
172053
211324
184153
175972
176645
166549
157507
154956
152850
155842
156317
184578
130241
138394
135042
127781
136446
194345
152268
147332
145384
167576
174527
141073
146227
152578
153847
170265
164167
195246
168027
162928
151553
158113
161194
166484
164956
160186
166747
157553
163640
158430
164432
159561
160870
155869
157376
155584
159953
158085
156010
156355
158139
158979
158388
158156
154409
154160
164332
158931
158953
155906
142475
136601
163713
170923
170325
167980
197208
186524
143097
150737
167891
183189
113805
145023
131723
147899
155586
158975
154121
156191
154644
151775
155904
162520
170792
217591
154231
152190
152553
150926
141669
159374
144488
153470
161957
179913
138461
151248
158322
112657
159745
162463
173612
158013
162844
174162
164510
103870
139478
178586
176790
174115
184732
120941
115346
118424
135451
116943
155536
159916
185824
154175
164262
179305
173771
175574
198295
161160
155887
165854
142874
139820
159338
159721
189096
163584
152670
149364
154960
146298
158394
156515
167569
160386
142027
189929
153116
142675
137928
165705
146284
121337
178288
131900
129102
135801
156228
150663
311105
144050
134985
129427
145597
157307
164598
230964
126462
123628
96601
100733
154259
157747
114763
205520
193676
171476
227494
156185
153758
174514
169334
169502
206786
126953
144011
184229
177700
147931
163407
120594
155043
172650
145733
156152
160598
173140
137448
157864
190517
131289
153351
135102
123859
126824
143812
157085
142223
171913
143947
195340
182966
159161
158310
155349
173973
129453
139962
146906
166647
165491
178340
286927
196861
178019
139927
142674
158440
111076
140559
123806
131742
135492
193995
236393
186686
174073
160377
156974
159074
123996
116804
126846
134518
120044
160729
140802
142310
158695
164178
143299
156296
158350
180301
179034
169360
168666
208420
271008
148144
141165
174519
130431
139920
113789
126663
128055
178475
140481
171172
175743
152013
131926
162114
145052
147284
177638
165413
144943
161271
163482
156744
184680
174678
173879
187014
107942
117086
205946
199868
175297
162338
154705
155924
160604
162693
157636
149136
117218
108097
160998
166247
149962
200737
151467
148829
166637
196132
156974
133227
139542
152421
158760
157043
153648
212793
190392
158592
144770
137419
134642
139400
149200
164607
173691
174015
170968
117813
125619
129946
176128
171315
174576
165231
182567
155335
149078
166267
119395
118178
130297
136811
153508
167000
220289
173741
170537
179994
192382
169415
178738
146608
157378
158726
157574
160076
161449
164522
167011
145052
119235
135648
133534
124025
128373
192809
131641
141846
200092
156864
178017
139643
149703
84454
25462
259603
253440
222176
202357
173664
163888
159716
154279
153833
174836
162262
135127
144518
153514
156826
161300
146956
148122
156928
164258
163644
161951
158657
155830
187795
142086
136715
134532
140213
119678
157042
151510
136556
122282
184218
167139
175248
160737
153148
124357
225396
153648
142803
163123
158272
138831
127305
222884
155602
162842
167351
147847
158682
166682
169303
155613
137456
136383
140845
162417
149602
158783
208203
150371
155398
162319
150445
165544
172819
133331
142576
131994
139207
213963
140270
133603
140984
139977
142821
271388
231210
183203
169845
156651
155036
138085
149818
150664
141935
140196
142379
154879
165897
133261
138718
150284
163346
167481
164098
164560
165434
158822
174165
141002
149707
175954
149737
143448
158989
154255
186266
173483
159706
161081
170175
151722
135828
147240
153227
156225
161400
152812
147222
139336
143753
163007
169481
182442
177228
185088
163538
153885
145962
145238
143923
149739
149316
147325
150003
158528
164627
171912
241658
153653
159100
169290
125384
121769
127105
135856
218549
175859
173142
172030
158731
166744
192409
132526
146231
147539
156098
158025
180192
131241
135680
129026
133508
143945
168458
163975
181957
178657
154827
158832
157752
165240
167132
168702
159595
159240
190015
166439
129807
133598
229585
183125
149228
158920
147252
101481
120829
129864
121826
151518
155097
144375
148723
259149
213829
126450
108701
111572
125490
154332
162142
144259
141303
198206
199066
192781
192869
208239
170934
140608
165974
162633
107710
106269
105858
130539
196726
205275
160630
150315
150326
167731
176859
166757
160107
172037
148094
127672
134396
182259
170746
159861
152783
173453
164471
190421
163961
120722
113697
188730
143485
147355
155020
152596
153881
103820
111404
125492
232509
239494
179112
111103
115665
128433
151491
114443
176141
249846
186619
161007
168044
139782
162313
127014
108320
103807
140993
237149
182186
124845
120428
138932
138799
121108
97139
122439
149693
92829
119484
153611
437648
251451
199281
122877
178766
200066
113913
128774
139288
152476
159643
164390
167182
163771
180633
180551
180773
169895
164117
184299
137724
153541
136026
134697
133448
136896
150674
167076
186704
194422
142697
146621
165698
137812
136928
136524
147813
135237
27789
266679
269622
190434
166591
152331
147851
143324
152753
158491
159021
144568
150876
154833
156129
154606
153377
154127
153231
149039
159188
92964
104449
242936
181227
201880
191762
176155
168470
160812
159540
182474
147519
139631
155270
154801
155843
153541
164807
112246
123999
142074
89047
97069
94521
186295
193173
198536
201849
193387
264034
180748
163185
187387
149111
117150
105409
96402
160242
187226
165230
156270
149592
157623
149665
210066
134466
128823
146427
171279
158535
162464
159587
148791
144922
153029
160142
162552
162692
164185
165182
158024
160358
162834
163299
159565
157661
157646
157472
156678
154883
158759
162646
170357
157549
156738
156117
152827
150850
153895
152078
152071
149379
158007
157246
158357
155226
158302
174540
150494
154354
171010
155726
145190
151534
164563
163206
157192
158165
153528
149821
151704
157310
157360
172996
185276
150260
149147
157159
158126
154370
144161
144102
149317
159049
161420
164292
163045
161661
155284
155461
158420
156087
167481
171522
168081
163252
163194
161050
163990
160668
158184
164567
158108
159295
158665
163600
162138
153646
153555
157158
155773
157489
158218
160386
159653
155291
159433
153041
162084
152853
160105
155676
155640
156712
158610
160249
162775
157127
161488
154583
156996
166599
164603
154277
158566
157494
156471
154591
152062
153502
151084
154022
157050
152723
153599
152235
151026
150740
157369
156601
144124
150847
157187
149684
146290
150587
149975
149867
143076
143959
143261
138247
139140
146946
155042
156916
129467
124463
124518
148141
155935
170469
177057
189531
181524
177576
184933
191512
203763
204588
182538
179556
172174
165258
161354
158309
159429
157181
157002
162550
161030
158621
156344
157307
158230
156710
159105
154833
156644
156063
158244
160171
156000
160348
153686
157029
156619
158339
161300
154501
157912
155088
154114
163038
156904
157076
157057
157511
155504
154947
157471
155845
155787
153153
150665
152565
150632
146482
145214
142857
134970
116832
107670
101730
94156
105814
110762
115861
74157
69832
70371
84845
76558
82230
84301
109445
88391
83807
80758
89311
77966
86094
79408
127656
43273
157362
215183
259608
300427
223214
169081
157407
155158
152832
126691
138793
142616
151460
155392
162180
201944
184775
165989
154839
152560
164074
153407
156616
161175
153849
155966
153677
168359
150357
148881
154896
104210
117581
