212636
178046
180756
179309
208454
190877
214989
606237
616870
1012635
410061
402639
364650
347857
324046
298693
390975
351357
380720
388454
377817
383146
367638
382142
386545
407589
394906
400100
411166
364320
370316
409051
451239
322136
330569
353908
370636
372040
378292
377610
396140
264966
270662
332230
371419
292129
291324
286774
439704
540107
391296
245954
243178
261391
638938
634856
449080
432453
390364
378031
375116
367474
372013
372703
378157
372823
373779
378852
383773
371162
376510
370767
382212
371588
374762
380991
386128
372495
372762
403642
306423
337131
343597
352212
357822
364027
366061
382358
362975
368411
371654
378897
390414
375916
383247
395833
397349
393514
382049
381635
366918
364933
385511
369846
459433
381585
372302
355266
346637
345003
360819
384389
433613
440036
416989
418572
374164
380331
376926
347496
383546
234642
232117
260957
374031
419888
365520
321268
314345
374253
588689
421398
402350
358147
434639
351165
463637
425337
421348
410669
374859
334243
311560
369415
327059
369946
417937
370718
307600
331696
344036
554483
440025
426047
405185
436646
294463
301155
312092
398001
351111
368120
402512
358786
388369
361706
390421
380911
347492
299713
343316
323310
307995
357475
336766
315695
311973
284474
277613
296592
432293
371658
437670
396657
386092
328746
393622
410156
724474
538520
484547
509093
337672
347775
357873
358607
364595
380187
387258
403779
392806
386678
373613
381853
368752
365906
370393
390819
479462
421276
401780
316419
357129
413275
401851
377527
332134
247179
265742
298700
334909
302233
325636
313542
407318
406128
349585
316051
464972
340115
349953
464793
428263
417433
513791
433910
415965
412271
402798
374437
377958
367378
361286
358935
433201
337675
315229
311838
310235
317063
457777
363754
356517
340613
393635
419067
367613
347337
342831
348475
412729
401869
438591
392371
374727
351359
375918
375768
404374
403897
399481
388485
382059
386138
390833
408764
400226
391053
385694
375382
374934
363962
384312
373291
381168
381843
372183
375538
373444
346114
346111
369336
379266
393620
353125
328352
348640
369977
391047
399448
407822
594035
434749
357097
369818
371624
412016
258753
311430
325609
368834
387237
390761
354046
361457
346412
351626
340016
376110
386138
489297
377864
399629
394098
383285
367983
394403
357383
364025
416070
432270
325416
354504
376358
262080
372217
368005
388702
359174
375989
413609
420277
260177
344534
412327
442956
419463
440572
287546
262647
267113
311588
263200
360281
385584
467044
410509
420866
446426
419623
421383
435813
371369
367588
408701
326408
334272
373042
378533
456696
376929
365536
364293
393661
344565
373808
372229
402051
383070
348217
462099
357755
335466
335745
407005
353951
281012
413197
319019
319478
325417
388337
357313
717563
320425
323795
308461
344128
391517
423687
534086
283054
282178
235073
245775
377799
376025
272736
464292
431302
380595
546870
361269
356875
395658
381216
390990
475536
306793
340215
454043
457582
374817
392886
277103
409942
440381
379223
377699
376482
423253
324038
355853
472031
322132
358898
310729
291388
287947
331765
381585
327455
400753
337657
491752
437186
378473
375556
357082
409437
327005
362520
355003
399917
396259
432957
686023
465117
407788
333172
343937
380929
250791
334456
282378
303014
316819
480205
506276
461953
430250
423994
401155
378746
309375
264866
300407
311712
285197
379732
327703
330712
380226
386313
333540
362284
370958
429506
432886
392814
408757
529648
581037
384271
352023
407851
338478
327965
266592
314758
306655
433663
330164
404196
417618
387138
308862
387952
327348
332060
395771
427936
370219
410832
396592
368892
407637
387964
380612
451655
252346
276924
487140
475649
420938
409145
392630
344145
372532
414009
400209
374068
277815
255664
366235
397110
338074
441351
367479
358158
381712
465248
377259
322369
348463
385780
391857
356362
364852
479726
437421
366503
339670
343689
372132
368874
354502
381062
413888
425597
413476
271785
299764
317645
410577
399375
404075
382856
428182
385297
363902
377884
335431
319280
329495
344481
376985
395976
507278
449239
438538
423471
402997
392715
413731
324571
378838
377160
369234
391586
418950
354770
399066
329450
279570
313985
321015
295455
301312
439251
287262
306288
423121
391018
461609
371105
421745
185065
41366
579249
605638
506600
480347
447070
413329
387989
386289
376266
382195
407696
330961
352978
367926
376738
386385
345503
318778
387218
405169
395273
392100
377406
349829
423731
339809
302820
326204
365387
337891
402609
376463
330730
289296
389287
374157
407216
378217
348390
309902
556518
371503
347058
392215
320574
311570
265286
542775
390900
396583
409628
349590
368593
418086
418601
428925
327150
310804
317642
365573
331232
362270
501781
355039
354529
378587
343315
382833
426755
356615
383363
341226
354635
495359
301154
278904
301388
277233
292002
695387
571300
489493
420720
381456
385965
356641
367441
345173
319596
336082
365660
377436
416119
314601
332804
360194
382669
389745
391010
389879
390257
375112
420821
325943
348746
416783
363380
315069
363560
356076
594449
368685
358265
382962
389434
348904
332709
362175
372399
372056
388117
366197
342791
325809
366118
403927
405029
435517
411636
423317
355690
341820
339370
350418
352809
363093
355825
358178
344695
364614
413380
410941
613052
322302
376221
394897
288359
276968
303432
318325
542058
446374
419555
415373
387961
398925
408014
346371
356456
355943
373795
393161
398195
314255
319507
318011
330079
342129
409243
397376
456539
392825
359160
371773
365460
399878
391153
437196
373631
396966
442764
425668
313357
314999
515447
445123
383442
333646
368470
251829
298477
315617
280808
345780
349338
326352
338537
609791
505821
293198
261125
285484
316688
381873
399772
364031
349670
486808
450857
458219
483365
493640
360640
378729
397951
378633
240837
248591
266736
337867
442377
453407
385850
357108
347721
383145
402170
403296
417685
412043
357286
342808
308860
408899
408771
350271
369801
415631
379176
455304
400813
283025
291458
465959
358332
358033
374696
369288
362486
261103
278372
314162
544303
545430
391450
273915
275250
313781
370407
298371
423645
570858
484596
369617
378918
338090
392529
297370
262202
243288
316756
523834
384780
296288
270637
308886
307637
273822
217480
267881
446704
238226
326457
363678
1034239
607587
467571
300148
416798
475260
260828
299028
313365
337066
352932
356692
365737
391756
428694
456162
476758
449912
411843
451315
345216
359316
307177
315656
324932
344268
377742
409056
436436
458334
325564
325521
404274
361172
345831
335382
366457
321867
47165
655007
626054
431229
365375
344225
350124
372094
390694
373175
379681
335192
358432
371198
366478
361628
364162
368649
358789
356213
372556
232629
270352
540765
375835
480613
462594
419664
387358
384185
394744
398661
378327
370580
399380
371423
362803
363271
379849
275226
294105
296904
187297
205955
204546
414904
467921
479799
498679
485751
607232
448161
421578
430643
386489
323557
264624
220384
306515
525941
519284
358730
362928
353436
339191
465131
349099
312592
366636
406380
380541
403167
399298
356410
351052
351837
370157
370316
372261
377989
383539
374507
373617
381084
381996
381479
378092
375662
376842
371697
371000
382756
387051
422244
380595
361782
367912
361571
357679
368825
356243
362795
366389
379414
378759
384645
377617
379598
402658
363211
374184
403531
368872
352999
363516
381284
381751
360837
373870
366409
359296
362659
375288
374005
426621
469095
343834
352208
380375
389631
367154
340500
337083
347488
375558
396003
407306
403108
387664
371850
367645
372676
357346
372313
384139
382105
379512
367484
362216
375403
361152
355858
386879
385312
379014
384622
401812
387689
380125
358100
383175
378584
383470
375780
384678
389546
371682
386482
376129
391333
374697
376301
378921
374347
380518
377505
393984
393285
371453
383137
380379
374876
411627
395808
374116
371481
374529
373912
381553
364598
371239
358842
371964
375619
372899
365571
366613
355521
373290
376022
379249
356268
374225
382278
361719
360009
375231
375770
371686
368592
373150
378175
373968
382741
394725
396740
387955
320103
319770
318005
387911
412685
425911
413428
407717
371854
373516
379382
387779
392758
401262
383268
389171
390988
374442
381089
382794
383030
373490
368230
397160
387498
383786
374056
380340
378008
379029
378952
375353
367539
368579
369200
380723
369576
379518
354809
374995
374311
378077
379076
364378
368074
372838
361184
395336
382193
382037
370534
378590
368030
363085
376130
367503
363606
364705
358367
363253
353324
355581
342789
330908
291562
243127
218843
207380
217256
295485
275664
208615
121534
118633
129593
155810
139043
147050
148683
194751
158069
145906
139804
157975
139203
148457
139878
226034
75355
403775
610027
675731
677389
394462
395057
367791
383780
362965
294835
342637
339776
371411
378878
386981
468422
434540
382501
365116
364270
392622
363063
375323
386695
367112
376234
360765
396839
363192
354158
366352
226286
210305
