149000
135006
129178
127692
145978
132614
150289
457260
438145
653334
248266
258454
237617
232273
214382
209337
228960
264142
238843
259312
253175
246607
249943
255828
257151
261333
273771
268057
265659
260288
246533
272415
287528
219960
233011
237017
251249
251372
254370
253408
260261
179697
184753
219182
245734
199324
201603
201665
295810
344822
251433
168034
168449
183099
443948
419767
310351
275611
251534
239981
246097
247074
246697
250250
257207
245537
246620
255351
248714
249096
256690
252693
253024
248735
250035
248067
257113
252778
242205
277259
216091
230242
235801
244145
248731
248921
248540
251982
247305
252431
252234
252877
252116
253468
255522
265924
251287
252317
247334
249431
239281
243349
253271
261135
298809
255511
254221
244375
228918
229136
252179
277782
274812
273588
264033
273620
248431
249423
251202
242458
263759
164333
170562
183126
241289
261535
235878
217325
213535
256321
374250
271758
260538
243368
288478
238081
319393
290294
279030
269373
247006
232077
200546
219845
218285
251811
278933
264775
216967
230288
245974
358712
286926
280739
275868
275158
189567
207631
204281
258762
248890
251202
259913
243277
253878
244044
258410
256006
231745
198622
228554
223650
217750
250966
236403
223309
211515
203453
200839
213518
300234
261194
306686
279298
266991
235541
275625
291934
419648
301407
290920
292232
227807
238760
236169
252161
253333
243757
251190
258933
258903
257220
255372
261124
254826
250147
249915
258709
318309
258190
257333
220250
240459
275091
253394
256968
228288
170828
185684
204660
225595
200441
213982
213744
271437
276747
234652
219150
311425
231558
240108
299250
274481
271241
334997
286353
276288
278207
270466
252713
251529
245169
244155
245251
327032
202129
215620
208535
204919
209204
305825
236257
232086
228227
263467
279130
234076
231058
234785
238103
269835
263103
303008
265536
255962
239875
252600
251611
268521
274015
270993
267843
258071
264647
254646
258625
254515
254968
251288
251901
249973
251013
257446
246948
249280
252281
253108
253821
251896
239466
242123
261186
251333
255640
242971
222819
216076
238070
266540
271697
271086
379550
286760
242078
241055
241424
258376
182964
223929
217592
245592
256306
259637
241450
244782
243434
233284
240314
253942
260796
328819
244242
257798
253401
252385
241606
264662
236338
240983
266006
292158
219352
238770
252152
176298
254752
251073
264726
244503
254522
277554
270656
175873
228841
279496
286331
280575
295303
189972
184284
185963
214013
186070
250382
262655
308773
256140
265476
282847
273812
276029
298950
251565
248424
274158
218422
221566
248227
251978
302299
257573
242746
240079
259992
234583
251983
249080
267188
255519
238436
296283
236637
226245
223788
265726
235485
191818
281170
212211
208833
215236
252390
241775
487710
224661
217157
207050
231952
253146
267824
360021
200608
194434
159056
167287
251172
252568
188012
323870
304532
267200
351684
242917
237788
267312
260936
262393
321463
204052
230632
297940
277474
240182
265139
190579
257886
293634
241886
252233
251428
278560
221126
245845
313248
205763
240819
213186
197407
199767
230937
254176
224482
273310
232717
316899
287633
250609
251498
243470
273312
215469
234256
235757
265428
262939
286894
448014
321312
262937
225253
226450
253419
174318
223631
190755
208018
218111
314775
337123
310397
301326
255448
259521
255939
203461
188310
201603
213832
193827
253287
224283
230886
254912
257728
228722
250683
255682
287242
279295
262329
266639
331687
436385
235508
223273
266824
212834
221281
182803
198089
203476
284324
222478
271960
278504
253541
211321
259228
230649
230830
272880
274801
234901
260372
260490
248445
286030
270723
268282
300820
173417
186949
325261
315162
286072
261687
254450
237485
250279
269614
259173
244892
183511
172204
254182
256955
229440
304398
238877
242530
274992
332449
252679
211871
223586
244550
247217
242214
249149
315341
294220
249892
230029
221501
229089
244724
238165
255981
277941
280902
288707
186932
198016
204185
277241
268832
273042
260243
285823
246424
240712
257234
205813
201494
219078
230048
250447
265791
335997
280426
272502
289694
278410
278834
285244
229583
262129
250650
264563
261198
247407
246847
261685
232988
187976
210017
209304
195612
204672
306845
202312
218421
302093
253543
292719
231004
254137
129258
32254
416773
413633
343071
319306
281369
270434
252093
252065
250687
270437
260260
215896
231334
242752
251423
256873
239236
227523
258512
265211
259434
256701
250351
241659
299634
223352
211063
214316
228594
205473
260916
247488
221113
196792
278135
256880
274343
253250
240799
205303
358608
244034
228121
262111
229051
212024
194837
360984
252432
263602
271109
236726
252324
273895
274986
260374
218869
213867
221933
252149
230175
247287
329984
237618
242165
254186
235051
257348
275730
220206
245045
220949
235005
336415
213449
200149
219298
211135
213403
443450
373275
311034
279140
272031
238166
223932
235566
237419
222827
220490
236484
245397
265414
212079
224078
240994
259087
264515
260902
259404
262635
252731
278282
222522
237372
277918
238584
231888
250215
240957
326315
273907
248502
249654
265603
239035
215795
239200
246428
248117
258061
244553
222542
223023
238547
263883
271855
291419
279119
289942
249138
237727
228949
232555
233080
239373
241353
234458
236452
252501
269045
283243
383215
244515
254329
278584
195939
187856
202717
212943
349424
282734
270260
278826
256463
271011
304180
214098
242266
224690
245845
250461
263961
214102
209889
211003
220179
231414
276418
269216
294638
274584
248002
251014
250533
264166
266140
269397
258970
252368
300368
259888
208697
211389
346752
286401
260953
245538
268029
163506
196931
208090
195126
232361
235558
224026
234696
392074
330608
197201
174942
187560
211780
254412
260976
241031
240562
311387
305383
289640
308092
302519
280514
252425
256988
262536
170748
166893
173048
219043
309073
314725
260862
239428
239718
261867
271489
272340
267634
278388
228936
203961
212988
283010
274335
244777
242035
280662
255536
301952
263515
190427
195186
309849
236459
237623
245637
243974
242517
167854
185707
211952
370171
353864
268577
175636
184081
209229
246887
192584
285088
390935
307942
251475
262529
223894
260996
197823
175843
169025
223054
362997
272808
199120
189888
215876
216256
190675
153335
188544
225279
167609
215677
247977
681868
403838
312351
200078
285193
318883
184181
204330
218012
236998
247948
253097
258075
264062
303036
300281
296082
275465
268629
290414
217523
241265
211874
212476
218027
222660
245657
270982
294531
299580
224115
225773
265770
231386
227693
222128
237210
211800
37619
442848
428151
289116
253029
232198
230452
244094
257046
247251
249277
230007
243432
246953
246961
243354
244713
245479
240192
236483
252328
155911
175013
371042
270282
319143
311319
289730
271956
260107
258081
278524
255205
226433
238160
242468
250547
245926
260943
180372
197122
211597
137710
148372
147282
290992
314117
323547
333408
309467
394694
283873
262046
282306
252714
206191
170523
148170
257851
331564
281923
255751
236677
246903
239116
311813
220110
208478
241790
268178
254417
260136
257448
234837
230952
237713
249646
252552
255822
256857
261357
249675
253889
258464
258036
252064
252721
252425
251848
246776
247751
256011
258068
275413
254521
246458
247631
240893
239912
247709
241654
240564
242836
252056
253666
252261
250501
253744
274582
237932
247899
271771
245904
230782
243419
258924
259005
244960
251036
242812
237359
240583
251460
249549
279594
307953
236881
234151
252211
255745
248021
227946
226527
236900
255076
264247
270163
265484
259145
248969
248555
248889
244378
259830
266522
258921
259671
256928
254787
259548
251862
244579
263648
256583
253931
257460
264441
256740
251668
241377
250465
249586
252792
251534
252402
252076
247642
257472
248511
260361
246984
252656
245364
253936
249474
251463
258163
256747
250138
255064
252330
247116
262977
257340
248113
249564
250403
249405
250147
242494
246470
242369
250919
249252
248958
245813
244900
241899
246874
247574
249962
235892
242546
252258
241028
238438
245289
246466
242214
238986
242367
245901
243142
246612
265555
274811
262977
216204
209713
206384
247974
262052
284223
290818
296377
266797
258536
260481
265355
268135
274611
264546
268229
263805
257409
254375
254856
253975
250583
248531
259429
255670
257121
251080
249557
247229
249726
251433
251867
250252
249788
249106
253235
248120
254965
245164
250303
250527
252912
253976
245134
247789
248958
243136
261063
251617
255211
252477
251492
247373
247700
250082
247592
247388
242844
237465
243984
238256
236840
230949
227355
215438
183499
163954
157307
144016
157054
185710
165427
95965
88572
94328
113246
101378
106270
109268
142964
115064
105392
99933
112981
99204
106232
99736
159199
55508
257883
379058
448581
462140
315486
247204
243917
247782
245344
203621
227003
229082
245489
249551
257304
307537
291821
261866
245160
244889
259863
244037
248779
258642
246901
251118
240956
265262
243132
237658
245046
155076
166868
